10
5 3
0 0 0 0 0
6 5
0 0 0 1 1 1
6 3
0 0 1 1 1 0
3 1
0 1 0
18 83
0 1 1 0 0 1 0 0 0 1 1 0 1 0 0 1 0 1
62 26
0 1 0 1 1 0 1 0 1 0 0 0 0 1 1 1 0 0 0 0 0 1 0 0 0 0 0 1 1 1 1 0 0 0 1 0 0 0 0 1 0 0 0 1 0 1 0 0 1 0 0 1 1 0 0 1 0 0 0 1 1 0
21 7
0 0 1 1 1 0 0 0 1 1 1 1 0 1 1 1 0 0 1 0 1
78 30
0 1 0 0 0 1 1 0 1 1 0 1 0 1 1 0 0 0 1 0 0 1 1 1 0 0 0 1 0 0 0 1 1 1 0 1 1 1 0 0 0 0 0 0 1 1 1 1 0 1 0 1 0 0 0 1 1 1 0 1 1 1 1 1 1 0 1 0 1 1 0 0 0 1 1 1 1 1
20 8
0 1 0 0 0 0 0 0 0 1 1 1 0 0 0 1 1 1 1 0
61 16
0 1 0 0 1 0 1 1 1 0 1 1 0 1 1 1 0 0 1 0 1 0 0 1 1 0 0 1 1 0 0 0 0 1 1 1 0 0 1 1 1 1 0 1 1 0 1 1 1 0 1 0 0 0 0 1 0 1 1 1 1
